{
    "natural problem": "In Perfectville, the streets are all $20$ feet wide and the blocks they enclose are all squares of side length $400$ feet, as shown.  Sarah runs around the block on the $400$-foot side of the street, while Sam runs on the opposite side of the street.  How many more feet than Sarah does Sam run for every lap around the block?\n\n[asy]\ndraw((0,0)--(10,0));\ndraw((1,1)--(9,1));\ndraw((0,0)--(0,10));\ndraw((0,10)--(10,10));\ndraw((10,10)--(10,0));\ndraw((9,1)--(9,9));\ndraw((9,9)--(1,9));\ndraw((1,9)--(1,1));\nfill((1,1)--(1,9)--(9,9)--(9,1)--cycle,gray);\ndraw((9,10.5)--(9,11));\ndraw((10,10.5)--(10,11));\ndraw((9,10.75)--(10,10.75));\nlabel(\"20'\",(9.5,11),N);\ndraw((10.5,9)--(11,9));\ndraw((10.5,10)--(11,10));\ndraw((10.75,9)--(10.75,10));\nlabel(\"20'\",(11,9.5),E);\nlabel(\"400'\",(5,9),S);\nlabel(\"400'\",(9,5),W);\n[/asy]",
    "natural solution": [
        "At each corner of the street, Sam runs 40 more feet than Sarah. Otherwise, Sam runs the same distance as Sarah. Since there are four corners, Sam runs $40\\cdot4=\\boxed{160}$ more feet than Sarah does."
    ],
    "natural answer": "160",
    "a_0": {
        "formal problem": "theorem\nfixes S_run :: real and Sam_run :: real\nassumes h0 : \"S_run = 400 * 4\"\nand h1 : \"Sam_run = (400 + 2 * 20) * 4\"\nshows  \"Sam_run - S_run = 160\"",
        "formal solution": "(* ### Problem\n In Perfectville, the streets are all $20$ feet wide and the blocks they enclose are all squares of side length $400$ feet, as shown.  Sarah runs around the block on the $400$-foot side of the street, while Sam runs on the opposite side of the street.  How many more feet than Sarah does Sam run for every lap around the block?\n\n[asy]\ndraw((0,0)--(10,0));\ndraw((1,1)--(9,1));\ndraw((0,0)--(0,10));\ndraw((0,10)--(10,10));\ndraw((10,10)--(10,0));\ndraw((9,1)--(9,9));\ndraw((9,9)--(1,9));\ndraw((1,9)--(1,1));\nfill((1,1)--(1,9)--(9,9)--(9,1)--cycle,gray);\ndraw((9,10.5)--(9,11));\ndraw((10,10.5)--(10,11));\ndraw((9,10.75)--(10,10.75));\nlabel(\"20'\",(9.5,11),N);\ndraw((10.5,9)--(11,9));\ndraw((10.5,10)--(11,10));\ndraw((10.75,9)--(10.75,10));\nlabel(\"20'\",(11,9.5),E);\nlabel(\"400'\",(5,9),S);\nlabel(\"400'\",(9,5),W);\n[/asy] The final Answer is 160\n ### Proof\n At each corner of the street, Sam runs 40 more feet than Sarah. Otherwise, Sam runs the same distance as Sarah. Since there are four corners, Sam runs $40\\cdot4=\\boxed{160}$ more feet than Sarah does.\n *)\n\ntheorem\nfixes S_run :: real and Sam_run :: real\nassumes h0 : \"S_run = 400 * 4\"\nand h1 : \"Sam_run = (400 + 2 * 20) * 4\"\nshows  \"Sam_run - S_run = 160\"\n proof- \n  show ?thesis sledgehammer",
        "informal problem": "Sam ran 4 laps of a 400 meter track and then ran an additional 20 meters on each of the 4 laps. If S only ran 4 laps of the 400 meter track, how much further did Sam run than S? The final answer is 160 meters."
    },
    "a_1": {
        "formal problem": "theorem\nfixes side_street side_block :: real\nassumes h0 : \"side_street = 20\"\nand h1 : \"side_block = 400\"\nshows  \"4 * (side_block + 2 * side_street) - 4 * side_block = 160\"",
        "formal solution": "(* ### Problem\n In Perfectville, the streets are all $20$ feet wide and the blocks they enclose are all squares of side length $400$ feet, as shown.  Sarah runs around the block on the $400$-foot side of the street, while Sam runs on the opposite side of the street.  How many more feet than Sarah does Sam run for every lap around the block?\n\n[asy]\ndraw((0,0)--(10,0));\ndraw((1,1)--(9,1));\ndraw((0,0)--(0,10));\ndraw((0,10)--(10,10));\ndraw((10,10)--(10,0));\ndraw((9,1)--(9,9));\ndraw((9,9)--(1,9));\ndraw((1,9)--(1,1));\nfill((1,1)--(1,9)--(9,9)--(9,1)--cycle,gray);\ndraw((9,10.5)--(9,11));\ndraw((10,10.5)--(10,11));\ndraw((9,10.75)--(10,10.75));\nlabel(\"20'\",(9.5,11),N);\ndraw((10.5,9)--(11,9));\ndraw((10.5,10)--(11,10));\ndraw((10.75,9)--(10.75,10));\nlabel(\"20'\",(11,9.5),E);\nlabel(\"400'\",(5,9),S);\nlabel(\"400'\",(9,5),W);\n[/asy] The final Answer is 160\n ### Proof\n At each corner of the street, Sam runs 40 more feet than Sarah. Otherwise, Sam runs the same distance as Sarah. Since there are four corners, Sam runs $40\\cdot4=\\boxed{160}$ more feet than Sarah does.\n *)\n\ntheorem\nfixes side_street side_block :: real\nassumes h0 : \"side_street = 20\"\nand h1 : \"side_block = 400\"\nshows  \"4 * (side_block + 2 * side_street) - 4 * side_block = 160\"\n proof- \n  show ?thesis sledgehammer",
        "informal problem": "Given that the length of a side street is 20 units and the length of a side block is 400 units, calculate the total additional length added if you were to add a side street on both sides of four side blocks. The final answer is 160 units."
    },
    "a_2": {
        "formal problem": "theorem\nfixes block_side street_width :: real\nassumes h0 : \"block_side = 400\"\nand h1 : \"street_width = 20\"\nshows  \"2 * (block_side + 2 * street_width) - 2 * block_side = 160\"",
        "formal solution": "(* ### Problem\n In Perfectville, the streets are all $20$ feet wide and the blocks they enclose are all squares of side length $400$ feet, as shown.  Sarah runs around the block on the $400$-foot side of the street, while Sam runs on the opposite side of the street.  How many more feet than Sarah does Sam run for every lap around the block?\n\n[asy]\ndraw((0,0)--(10,0));\ndraw((1,1)--(9,1));\ndraw((0,0)--(0,10));\ndraw((0,10)--(10,10));\ndraw((10,10)--(10,0));\ndraw((9,1)--(9,9));\ndraw((9,9)--(1,9));\ndraw((1,9)--(1,1));\nfill((1,1)--(1,9)--(9,9)--(9,1)--cycle,gray);\ndraw((9,10.5)--(9,11));\ndraw((10,10.5)--(10,11));\ndraw((9,10.75)--(10,10.75));\nlabel(\"20'\",(9.5,11),N);\ndraw((10.5,9)--(11,9));\ndraw((10.5,10)--(11,10));\ndraw((10.75,9)--(10.75,10));\nlabel(\"20'\",(11,9.5),E);\nlabel(\"400'\",(5,9),S);\nlabel(\"400'\",(9,5),W);\n[/asy] The final Answer is 160\n ### Proof\n At each corner of the street, Sam runs 40 more feet than Sarah. Otherwise, Sam runs the same distance as Sarah. Since there are four corners, Sam runs $40\\cdot4=\\boxed{160}$ more feet than Sarah does.\n *)\n\ntheorem\nfixes block_side street_width :: real\nassumes h0 : \"block_side = 400\"\nand h1 : \"street_width = 20\"\nshows  \"2 * (block_side + 2 * street_width) - 2 * block_side = 160\"\n proof- \n  show ?thesis sledgehammer",
        "informal problem": "Given a city block with a side length of 400 units and a street width of 20 units, calculate the total length around the block including the street width on both sides, then subtract the length around the block without the streets. The final answer is 160 units."
    },
    "a_3": {
        "formal problem": "theorem\nfixes block_side :: real and street_width :: real and sarah_run :: real and sam_run :: real\nassumes h0 : \"block_side = 400\"\nand h1 : \"street_width = 20\"\nand h2 : \"sarah_run = 4 * block_side\"\nand h3 : \"sam_run = 4 * (block_side + 2 * street_width)\"\nshows  \"sam_run - sarah_run = 160\"",
        "formal solution": "(* ### Problem\n In Perfectville, the streets are all $20$ feet wide and the blocks they enclose are all squares of side length $400$ feet, as shown.  Sarah runs around the block on the $400$-foot side of the street, while Sam runs on the opposite side of the street.  How many more feet than Sarah does Sam run for every lap around the block?\n\n[asy]\ndraw((0,0)--(10,0));\ndraw((1,1)--(9,1));\ndraw((0,0)--(0,10));\ndraw((0,10)--(10,10));\ndraw((10,10)--(10,0));\ndraw((9,1)--(9,9));\ndraw((9,9)--(1,9));\ndraw((1,9)--(1,1));\nfill((1,1)--(1,9)--(9,9)--(9,1)--cycle,gray);\ndraw((9,10.5)--(9,11));\ndraw((10,10.5)--(10,11));\ndraw((9,10.75)--(10,10.75));\nlabel(\"20'\",(9.5,11),N);\ndraw((10.5,9)--(11,9));\ndraw((10.5,10)--(11,10));\ndraw((10.75,9)--(10.75,10));\nlabel(\"20'\",(11,9.5),E);\nlabel(\"400'\",(5,9),S);\nlabel(\"400'\",(9,5),W);\n[/asy] The final Answer is 160\n ### Proof\n At each corner of the street, Sam runs 40 more feet than Sarah. Otherwise, Sam runs the same distance as Sarah. Since there are four corners, Sam runs $40\\cdot4=\\boxed{160}$ more feet than Sarah does.\n *)\n\ntheorem\nfixes block_side :: real and street_width :: real and sarah_run :: real and sam_run :: real\nassumes h0 : \"block_side = 400\"\nand h1 : \"street_width = 20\"\nand h2 : \"sarah_run = 4 * block_side\"\nand h3 : \"sam_run = 4 * (block_side + 2 * street_width)\"\nshows  \"sam_run - sarah_run = 160\"\n proof- \n  show ?thesis sledgehammer",
        "informal problem": "Sarah and Sam both run around a city block. The side of the block is 400 feet long. Sarah runs along the side of the block, while Sam runs along the side of the block but also includes the width of the streets surrounding the block in his run, which is 20 feet on each side. If they both run around the block 4 times, how much further does Sam run compared to Sarah? The final answer is 160 feet."
    },
    "a_4": {
        "formal problem": "theorem\nfixes Sarah Sam :: real\nassumes h0 : \"Sarah = 4 * 400\"\nand h1 : \"Sam = 4 * (400 + 2 * 20)\"\nshows  \"Sam - Sarah = 160\"",
        "formal solution": "(* ### Problem\n In Perfectville, the streets are all $20$ feet wide and the blocks they enclose are all squares of side length $400$ feet, as shown.  Sarah runs around the block on the $400$-foot side of the street, while Sam runs on the opposite side of the street.  How many more feet than Sarah does Sam run for every lap around the block?\n\n[asy]\ndraw((0,0)--(10,0));\ndraw((1,1)--(9,1));\ndraw((0,0)--(0,10));\ndraw((0,10)--(10,10));\ndraw((10,10)--(10,0));\ndraw((9,1)--(9,9));\ndraw((9,9)--(1,9));\ndraw((1,9)--(1,1));\nfill((1,1)--(1,9)--(9,9)--(9,1)--cycle,gray);\ndraw((9,10.5)--(9,11));\ndraw((10,10.5)--(10,11));\ndraw((9,10.75)--(10,10.75));\nlabel(\"20'\",(9.5,11),N);\ndraw((10.5,9)--(11,9));\ndraw((10.5,10)--(11,10));\ndraw((10.75,9)--(10.75,10));\nlabel(\"20'\",(11,9.5),E);\nlabel(\"400'\",(5,9),S);\nlabel(\"400'\",(9,5),W);\n[/asy] The final Answer is 160\n ### Proof\n At each corner of the street, Sam runs 40 more feet than Sarah. Otherwise, Sam runs the same distance as Sarah. Since there are four corners, Sam runs $40\\cdot4=\\boxed{160}$ more feet than Sarah does.\n *)\n\ntheorem\nfixes Sarah Sam :: real\nassumes h0 : \"Sarah = 4 * 400\"\nand h1 : \"Sam = 4 * (400 + 2 * 20)\"\nshows  \"Sam - Sarah = 160\"\n proof- \n  show ?thesis sledgehammer",
        "informal problem": "Sarah runs 4 times around a 400-meter track and Sam runs 4 times around a track that is 400 meters plus an additional 40 meters. How much farther in meters does Sam run than Sarah? The final answer is 160 meters."
    },
    "a_5": {
        "formal problem": "theorem\nfixes Sarah_run Sam_run :: real\nassumes h0 : \"Sarah_run = 4 * 400\"\nand h1 : \"Sam_run = 4 * (400 + 2 * 20)\"\nshows  \"Sam_run - Sarah_run = 160\"",
        "formal solution": "(* ### Problem\n In Perfectville, the streets are all $20$ feet wide and the blocks they enclose are all squares of side length $400$ feet, as shown.  Sarah runs around the block on the $400$-foot side of the street, while Sam runs on the opposite side of the street.  How many more feet than Sarah does Sam run for every lap around the block?\n\n[asy]\ndraw((0,0)--(10,0));\ndraw((1,1)--(9,1));\ndraw((0,0)--(0,10));\ndraw((0,10)--(10,10));\ndraw((10,10)--(10,0));\ndraw((9,1)--(9,9));\ndraw((9,9)--(1,9));\ndraw((1,9)--(1,1));\nfill((1,1)--(1,9)--(9,9)--(9,1)--cycle,gray);\ndraw((9,10.5)--(9,11));\ndraw((10,10.5)--(10,11));\ndraw((9,10.75)--(10,10.75));\nlabel(\"20'\",(9.5,11),N);\ndraw((10.5,9)--(11,9));\ndraw((10.5,10)--(11,10));\ndraw((10.75,9)--(10.75,10));\nlabel(\"20'\",(11,9.5),E);\nlabel(\"400'\",(5,9),S);\nlabel(\"400'\",(9,5),W);\n[/asy] The final Answer is 160\n ### Proof\n At each corner of the street, Sam runs 40 more feet than Sarah. Otherwise, Sam runs the same distance as Sarah. Since there are four corners, Sam runs $40\\cdot4=\\boxed{160}$ more feet than Sarah does.\n *)\n\ntheorem\nfixes Sarah_run Sam_run :: real\nassumes h0 : \"Sarah_run = 4 * 400\"\nand h1 : \"Sam_run = 4 * (400 + 2 * 20)\"\nshows  \"Sam_run - Sarah_run = 160\"\n proof- \n  show ?thesis sledgehammer",
        "informal problem": "Sarah runs 4 laps of a 400 meter track, while Sam runs 4 laps of a track that is 40 meters longer. How much further does Sam run than Sarah? The final answer is 160 meters."
    },
    "a_6": {
        "formal problem": "theorem\nfixes street_width block_length :: real\nassumes h0 : \"street_width = 20\"\nand h1 : \"block_length = 400\"\nshows  \"4 * block_length + 8 * street_width - 4 * block_length = 160\"",
        "formal solution": "(* ### Problem\n In Perfectville, the streets are all $20$ feet wide and the blocks they enclose are all squares of side length $400$ feet, as shown.  Sarah runs around the block on the $400$-foot side of the street, while Sam runs on the opposite side of the street.  How many more feet than Sarah does Sam run for every lap around the block?\n\n[asy]\ndraw((0,0)--(10,0));\ndraw((1,1)--(9,1));\ndraw((0,0)--(0,10));\ndraw((0,10)--(10,10));\ndraw((10,10)--(10,0));\ndraw((9,1)--(9,9));\ndraw((9,9)--(1,9));\ndraw((1,9)--(1,1));\nfill((1,1)--(1,9)--(9,9)--(9,1)--cycle,gray);\ndraw((9,10.5)--(9,11));\ndraw((10,10.5)--(10,11));\ndraw((9,10.75)--(10,10.75));\nlabel(\"20'\",(9.5,11),N);\ndraw((10.5,9)--(11,9));\ndraw((10.5,10)--(11,10));\ndraw((10.75,9)--(10.75,10));\nlabel(\"20'\",(11,9.5),E);\nlabel(\"400'\",(5,9),S);\nlabel(\"400'\",(9,5),W);\n[/asy] The final Answer is 160\n ### Proof\n At each corner of the street, Sam runs 40 more feet than Sarah. Otherwise, Sam runs the same distance as Sarah. Since there are four corners, Sam runs $40\\cdot4=\\boxed{160}$ more feet than Sarah does.\n *)\n\ntheorem\nfixes street_width block_length :: real\nassumes h0 : \"street_width = 20\"\nand h1 : \"block_length = 400\"\nshows  \"4 * block_length + 8 * street_width - 4 * block_length = 160\"\n proof- \n  show ?thesis sledgehammer",
        "informal problem": "\"If the width of a street is 20 meters and the length of a block is 400 meters, what is the total length after subtracting 4 blocks from the sum of the length of 4 blocks and 8 streets?\" The final answer is 160 meters."
    },
    "a_7": {
        "formal problem": "theorem\nfixes side_street :: real and side_block :: real\nassumes h0 : \"side_street = 20\"\nand h1 : \"side_block = 400\"\nshows  \"(4 * (side_block + 2 * side_street)) - (4 * side_block) = 160\"",
        "formal solution": "(* ### Problem\n In Perfectville, the streets are all $20$ feet wide and the blocks they enclose are all squares of side length $400$ feet, as shown.  Sarah runs around the block on the $400$-foot side of the street, while Sam runs on the opposite side of the street.  How many more feet than Sarah does Sam run for every lap around the block?\n\n[asy]\ndraw((0,0)--(10,0));\ndraw((1,1)--(9,1));\ndraw((0,0)--(0,10));\ndraw((0,10)--(10,10));\ndraw((10,10)--(10,0));\ndraw((9,1)--(9,9));\ndraw((9,9)--(1,9));\ndraw((1,9)--(1,1));\nfill((1,1)--(1,9)--(9,9)--(9,1)--cycle,gray);\ndraw((9,10.5)--(9,11));\ndraw((10,10.5)--(10,11));\ndraw((9,10.75)--(10,10.75));\nlabel(\"20'\",(9.5,11),N);\ndraw((10.5,9)--(11,9));\ndraw((10.5,10)--(11,10));\ndraw((10.75,9)--(10.75,10));\nlabel(\"20'\",(11,9.5),E);\nlabel(\"400'\",(5,9),S);\nlabel(\"400'\",(9,5),W);\n[/asy] The final Answer is 160\n ### Proof\n At each corner of the street, Sam runs 40 more feet than Sarah. Otherwise, Sam runs the same distance as Sarah. Since there are four corners, Sam runs $40\\cdot4=\\boxed{160}$ more feet than Sarah does.\n *)\n\ntheorem\nfixes side_street :: real and side_block :: real\nassumes h0 : \"side_street = 20\"\nand h1 : \"side_block = 400\"\nshows  \"(4 * (side_block + 2 * side_street)) - (4 * side_block) = 160\"\n proof- \n  show ?thesis sledgehammer",
        "informal problem": "\"If a street is 20 feet wide and a block is 400 feet long, find the increase in perimeter when the block is extended by the width of two streets on each side. The final answer is 160 feet.\""
    },
    "a_8": {
        "formal problem": "theorem\nfixes sarah_run sam_run :: real\nassumes h0 : \"sarah_run = 4 * 400\"\nand h1 : \"sam_run = 4 * (400 + 2 * 20)\"\nshows  \"sam_run - sarah_run = 160\"",
        "formal solution": "(* ### Problem\n In Perfectville, the streets are all $20$ feet wide and the blocks they enclose are all squares of side length $400$ feet, as shown.  Sarah runs around the block on the $400$-foot side of the street, while Sam runs on the opposite side of the street.  How many more feet than Sarah does Sam run for every lap around the block?\n\n[asy]\ndraw((0,0)--(10,0));\ndraw((1,1)--(9,1));\ndraw((0,0)--(0,10));\ndraw((0,10)--(10,10));\ndraw((10,10)--(10,0));\ndraw((9,1)--(9,9));\ndraw((9,9)--(1,9));\ndraw((1,9)--(1,1));\nfill((1,1)--(1,9)--(9,9)--(9,1)--cycle,gray);\ndraw((9,10.5)--(9,11));\ndraw((10,10.5)--(10,11));\ndraw((9,10.75)--(10,10.75));\nlabel(\"20'\",(9.5,11),N);\ndraw((10.5,9)--(11,9));\ndraw((10.5,10)--(11,10));\ndraw((10.75,9)--(10.75,10));\nlabel(\"20'\",(11,9.5),E);\nlabel(\"400'\",(5,9),S);\nlabel(\"400'\",(9,5),W);\n[/asy] The final Answer is 160\n ### Proof\n At each corner of the street, Sam runs 40 more feet than Sarah. Otherwise, Sam runs the same distance as Sarah. Since there are four corners, Sam runs $40\\cdot4=\\boxed{160}$ more feet than Sarah does.\n *)\n\ntheorem\nfixes sarah_run sam_run :: real\nassumes h0 : \"sarah_run = 4 * 400\"\nand h1 : \"sam_run = 4 * (400 + 2 * 20)\"\nshows  \"sam_run - sarah_run = 160\"\n proof- \n  show ?thesis sledgehammer",
        "informal problem": "Sarah runs 4 laps of a 400 meter track while Sam runs 4 laps of a 440 meter track (he runs an extra 20 meters at each end of the track). How many more meters does Sam run than Sarah? The final answer is 160 meters."
    },
    "a_9": {
        "formal problem": "theorem\nfixes Sarah Sam :: real\nassumes h0 : \"Sarah = 4 * 400\"\nand h1 : \"Sam = 4 * (400 + 2 * 20)\"\nshows  \"Sam - Sarah = 160\"",
        "formal solution": "(* ### Problem\n In Perfectville, the streets are all $20$ feet wide and the blocks they enclose are all squares of side length $400$ feet, as shown.  Sarah runs around the block on the $400$-foot side of the street, while Sam runs on the opposite side of the street.  How many more feet than Sarah does Sam run for every lap around the block?\n\n[asy]\ndraw((0,0)--(10,0));\ndraw((1,1)--(9,1));\ndraw((0,0)--(0,10));\ndraw((0,10)--(10,10));\ndraw((10,10)--(10,0));\ndraw((9,1)--(9,9));\ndraw((9,9)--(1,9));\ndraw((1,9)--(1,1));\nfill((1,1)--(1,9)--(9,9)--(9,1)--cycle,gray);\ndraw((9,10.5)--(9,11));\ndraw((10,10.5)--(10,11));\ndraw((9,10.75)--(10,10.75));\nlabel(\"20'\",(9.5,11),N);\ndraw((10.5,9)--(11,9));\ndraw((10.5,10)--(11,10));\ndraw((10.75,9)--(10.75,10));\nlabel(\"20'\",(11,9.5),E);\nlabel(\"400'\",(5,9),S);\nlabel(\"400'\",(9,5),W);\n[/asy] The final Answer is 160\n ### Proof\n At each corner of the street, Sam runs 40 more feet than Sarah. Otherwise, Sam runs the same distance as Sarah. Since there are four corners, Sam runs $40\\cdot4=\\boxed{160}$ more feet than Sarah does.\n *)\n\ntheorem\nfixes Sarah Sam :: real\nassumes h0 : \"Sarah = 4 * 400\"\nand h1 : \"Sam = 4 * (400 + 2 * 20)\"\nshows  \"Sam - Sarah = 160\"\n proof- \n  show ?thesis sledgehammer",
        "informal problem": "Sarah runs 4 laps of a 400m track. Sam runs 4 laps of the same track but each of his laps is extended by an extra 40m. How much further does Sam run compared to Sarah? The final answer is 160m."
    },
    "level": "Level 4",
    "type": "Prealgebra"
}